src/quant_fund/portfolio/interval_risk.py                  70      7     14      7    83%   24, 36, 64, 68, 94, 96, 129
src/quant_fund/portfolio/optimizer.py                     145      1     72      1    99%   196
src/quant_fund/portfolio/pnl_attribution.py                71      6     18      6    87%   83, 100, 136, 159-160, 174, 203->205
src/quant_fund/portfolio/portfolio_conformal.py           201     25     70     17    84%   79-80, 87, 89, 99, 110, 112, 116-118, 130-131, 133, 136, 138, 159, 161, 163-165, 200, 237, 241, 302, 322
src/quant_fund/portfolio/risk_gate.py                      56      1     44      1    98%   63
src/quant_fund/quant_models/beta.py                        23      4      8      4    74%   19, 24, 31, 38
src/quant_fund/quant_models/binomial.py                    44      5     14      5    83%   19, 21, 27, 44, 68
src/quant_fund/quant_models/black_scholes.py               52      7     12      4    80%   54, 74-78, 100, 102
src/quant_fund/quant_models/cli.py                         33     17      2      0    46%   67-71, 76-82, 87-98
src/quant_fund/quant_models/gex.py                         49     18     10      1    61%   25-29, 62-76, 104
src/quant_fund/quant_models/gkx.py                         16      3      6      3    73%   19, 22, 26
src/quant_fund/quant_models/greeks.py                      87     16     16      3    80%   77, 123-127, 135, 190-191, 211-231
src/quant_fund/quant_models/heston.py                      48      7      4      2    83%   66, 68, 97-101
src/quant_fund/quant_models/hrp.py                        107      7     20      5    91%   26, 82, 85-86, 119, 144-145
src/quant_fund/quant_models/krauss.py                      64      5     22      6    87%   40, 51, 59, 65, 71->73, 92
src/quant_fund/quant_models/monte_carlo.py                 58     20     12      4    60%   35, 40->42, 65, 77, 100-116
src/quant_fund/quant_models/mvo.py                         20      3      6      3    77%   28, 30, 44
src/quant_fund/quant_models/nss.py                         30      5      4      2    79%   35, 54, 62-64
src/quant_fund/quant_models/risk_parity.py                 34      9      8      3    67%   17-22, 30, 46, 57
src/quant_fund/quant_models/svi.py                         48      3      8      4    88%   30, 68, 82, 83->86
src/quant_fund/quant_models/tsmom.py                       28      9      6      2    62%   32, 35, 52-58
src/quant_fund/registry/mlflow_store.py                   152     31     70     29    68%   40, 42, 46, 60-64, 70, 76, 78->exit, 84-95, 98, 102->104, 104->105, 104->106, 107->116, 110, 113-114, 140, 146->149, 149->152, 152->155, 155->158, 164-169, 173->176, 178->181, 182->185, 186->189, 194, 195->197, 198->201, 202->207, 204->207, 225-227, 236-243, 246->248
src/quant_fund/reporting/report.py                         84      2     32      3    96%   40, 42, 121->123
src/quant_fund/reporting/tearsheet.py                     133     30     62     17    72%   42, 60, 62, 131->135, 157-160, 170->175, 175->185, 189-195, 202, 205, 212->214, 220, 225->230, 233, 244-245, 250->258, 260-278, 283-285
src/quant_fund/research/__init__.py                         8      4      2      0    40%   15-19
src/quant_fund/research/agent.py                          544     22    234     16    95%   102->exit, 159, 176, 185-186, 226, 237-238, 301-302, 323, 346, 349-350, 351->341, 363-364, 365->357, 407->410, 442, 444, 458, 555->570, 1496->1498, 1500-1503, 1520->1522
src/quant_fund/research/benches.py                       1128    114    266     95    84%   112-113, 123, 148, 155->159, 171->169, 173, 198, 201, 204->207, 208->213, 210->213, 243, 247, 254-255, 263, 285->283, 292-293, 347, 350, 415, 450, 458, 491->551, 515, 584, 587, 605->609, 615-618, 621, 634, 636, 666-670, 705, 707, 720, 723, 752->774, 767-772, 775->846, 815->842, 836-840, 852-855, 859, 865->862, 869->875, 876->878, 886, 923, 973->1010, 1017, 1020, 1023, 1033, 1060->1065, 1082, 1106, 1145, 1156-1157, 1177, 1196->1202, 1198->1202, 1238-1239, 1260-1261, 1264->1307, 1266->1307, 1292-1300, 1431-1434, 1476-1479, 1489, 1492, 1545, 1558, 1589, 1598, 1610, 1654, 1675, 1689, 1735, 1806, 1828, 1874, 1895, 1917, 1980, 1983, 2011, 2043, 2055->2063, 2070, 2093, 2096, 2099, 2103, 2109, 2131, 2133, 2136, 2139, 2157, 2161
src/quant_fund/research/catalog.py                       6139   1148   3848    773    81%   168-171, 338, 357, 360, 405, 408, 453, 456, 531, 534, 536, 548, 551, 612, 619, 622, 672, 678, 687, 689, 707, 711, 714, 716-717, 720, 722, 765, 768, 831, 834, 874, 914, 954, 994, 1039, 1112, 1181, 1516, 1527, 1702, 1732-1734, 1736, 1765->1767, 1768, 1802-1804, 1806, 1812, 1830-1832, 1834, 1858-1860, 1895, 1929-1930, 1957-1959, 1986, 1988, 2063-2064, 2066, 2084-2085, 2087, 2102, 2114-2116, 2118, 2136-2137, 2139, 2157-2158, 2160, 2179-2180, 2182, 2201, 2206, 2215, 2244->2252, 2247-2248, 2252->2260, 2255-2256, 2260->2235, 2263-2264, 2267, 2286, 2291, 2306, 2337-2339, 2341, 2343, 2377, 2379, 2393-2394, 2401-2403, 2434-2436, 2438, 2440-2441, 2466-2468, 2470, 2480, 2483-2485, 2487, 2489, 2500, 2503-2505, 2507, 2509-2510, 2536-2538, 2540, 2560-2561, 2564, 2566, 2572-2574, 2576, 2578-2579, 2596-2597, 2599, 2625-2627, 2629, 2645, 2655-2657, 2659, 2680, 2695, 2698-2699, 2701, 2720-2721, 2753-2755, 2791, 2797, 2799, 2801, 2847, 2851, 2853, 2880, 2884, 2886, 2888, 2914, 2918, 2920, 2922, 2989, 2991, 2995, 2997, 2999, 3001, 3029, 3031, 3034, 3036, 3039, 3041, 3073, 3075, 3077, 3079, 3085, 3087, 3090, 3095, 3122, 3124, 3127, 3129, 3131, 3133, 3159, 3163, 3167, 3169, 3196, 3198, 3202, 3204, 3231, 3233, 3237, 3239, 3242, 3244, 3247, 3249, 3279, 3281, 3285, 3287, 3291, 3293, 3322, 3326, 3328, 3330, 3333, 3335, 3339, 3341, 3343, 3373, 3375, 3379, 3381, 3383, 3385, 3388, 3390, 3421, 3425, 3427, 3429, 3432, 3434, 3438, 3440, 3442, 3472, 3476, 3478, 3480, 3483, 3485, 3489, 3491, 3493, 3524, 3528, 3530, 3532, 3535, 3537, 3541, 3543, 3545, 3578, 3582, 3584, 3586, 3589, 3591, 3597, 3599, 3601, 3634, 3638, 3640, 3642, 3645, 3647, 3651, 3653, 3655, 3684, 3688, 3690, 3692, 3695, 3697, 3701, 3703, 3705, 3734, 3738, 3740, 3742, 3745, 3747, 3751, 3753, 3755, 3784, 3788, 3790, 3792, 3795, 3797, 3801, 3803, 3805, 3834, 3838, 3840, 3842, 3845, 3847, 3851, 3853, 3855, 3886, 3890, 3892, 3894, 3897, 3899, 3905, 3907, 3909, 3937, 3941, 3943, 3945, 3948, 3950, 3954, 3956, 3958, 3986, 3990, 3992, 3994, 3997, 3999, 4003, 4005, 4007, 4037, 4041, 4043, 4045, 4048, 4050, 4054, 4056, 4058, 4088, 4092, 4094, 4096, 4099, 4101, 4105, 4107, 4109, 4138, 4140, 4144, 4146, 4148, 4150, 4179, 4181, 4185, 4187, 4189, 4191, 4220, 4222, 4226, 4228, 4230, 4232, 4262, 4264, 4268, 4270, 4272, 4274, 4277, 4279, 4281, 4283, 4314, 4316, 4320, 4322, 4324, 4326, 4329, 4331, 4333, 4335, 4365, 4367, 4371, 4373, 4375, 4377, 4380, 4382, 4384, 4386, 4416, 4420, 4422, 4424, 4427, 4429, 4433, 4435, 4437, 4467, 4471, 4473, 4475, 4478, 4480, 4484, 4486, 4488, 4518, 4522, 4524, 4526, 4529, 4531, 4535, 4537, 4539, 4569, 4573, 4575, 4577, 4580, 4582, 4586, 4588, 4590, 4619, 4622, 4626, 4628, 4631, 4633, 4635, 4664, 4668, 4670, 4674, 4676, 4679, 4681, 4684, 4713, 4717, 4719, 4723, 4725, 4728, 4730, 4733, 4760, 4764, 4766, 4770, 4772, 4775, 4777, 4780, 4807, 4811, 4813, 4817, 4819, 4822, 4824, 4827, 4854, 4856, 4860, 4862, 4866, 4868, 4895, 4897, 4901, 4903, 4907, 4909, 4936, 4941, 4943, 4945, 4947, 4951, 4953, 4984, 4986, 4990, 4992, 4996, 4998, 5025, 5027, 5031, 5033, 5037, 5039, 5067, 5069, 5073, 5075, 5079, 5081, 5108, 5112, 5114, 5119, 5121, 5125, 5127, 5130, 5156, 5160, 5163, 5172, 5199, 5201, 5205, 5207, 5210, 5212, 5240, 5242, 5246, 5252, 5255, 5257, 5285, 5287, 5291, 5297, 5300, 5302, 5358, 5360, 5362, 5364, 5366, 5424-5425, 5445-5446, 5466-5467, 5571-5573, 5575, 5607-5609, 5611, 5636-5638, 5640, 5647-5648, 5651, 5663-5665, 5669-5670, 5690-5692, 5694, 5746-5748, 5750, 5752, 5756-5757, 5762, 5766-5767, 5770, 5772, 5792-5794, 5796, 5798, 5802-5803, 5808, 5812-5813, 5818, 5831, 5848-5850, 5852, 5854, 5875-5877, 5879, 5881, 5885-5886, 5891, 5895-5896, 5901, 5915, 5923-5924, 5927, 5929, 5936-5937, 5940, 5942, 5958-5959, 5961, 5983-5985, 5989, 5993-5994, 5999, 6003-6004, 6009, 6024, 6026, 6038->6040, 6041, 6056, 6059, 6063, 6066, 6072-6073, 6075->6077, 6085, 6091, 6094-6096, 6098, 6100, 6115, 6121, 6123, 6126-6128, 6130, 6141, 6147, 6150-6152, 6154, 6165, 6171, 6174-6176, 6178, 6197, 6199, 6202-6204, 6229, 6232, 6236, 6241-6243, 6246-6247, 6249->6272, 6252-6253, 6255, 6267-6269, 6271, 6299-6300, 6305, 6309-6310, 6313, 6366->6373, 6368, 6372, 6380, 6463, 6468-6469, 6472, 6474, 6482-6484, 6486-6487, 6494, 6502-6503, 6505->6509, 6560, 6570, 6574-6575, 6591, 6594, 6596, 6607, 6624, 6629-6631, 6648, 6653-6655, 6672, 6677-6679, 6683, 6701, 6703, 6706-6708, 6710, 6728, 6732, 6735-6737, 6739, 6764-6766, 6770, 6788, 6791-6793, 6795, 6797, 6921, 6930, 6933, 6935, 6937, 6939, 7023, 7026-7027, 7052, 7055-7056, 7059-7061, 7063-7064, 7066-7067, 7156-7157, 7161, 7207, 7213, 7216-7218, 7220, 7231, 7254-7256, 7258, 7260, 7262, 7276, 7281-7282, 7289-7290, 7324-7325, 7327, 7389, 7398, 7424-7425, 7427, 7466, 7472, 7475->7480, 7482, 7505, 7507, 7591-7593, 7597-7598, 7605-7606, 7618-7620, 7622, 7654, 7659, 7662, 7664, 7666, 7668, 7786, 7790, 7826, 7828, 7833-7834, 7836, 7838, 7907, 8085, 8088, 8098-8099, 8101, 8108-8109, 8111, 8159-8161, 8165, 8169-8170, 8175, 8179-8180, 8185, 8198, 8200, 8205-8206, 8208, 8210, 8291, 8320, 8407-8408, 8409->8402, 8416, 8424, 8446-8448, 8478, 8481, 8483, 8485, 8487, 8506-8507, 8510-8511, 8512->8502, 8519, 8524, 8546-8547, 8548->8541, 8555, 8590, 8616-8617, 8618->8611, 8625, 8668-8669, 8680, 8685, 8704, 8723-8724, 8730-8733, 8736, 8747-8748, 8749->8742, 8766-8767, 8768->8751, 8771, 8798, 8823-8824, 8845, 8907-8908, 8910, 8914, 8922-8923, 8925, 8958-8959, 8960->8953, 8967-8968, 8971, 8975, 9001-9003, 9005-9006, 9008, 9010, 9058-9059, 9062-9063, 9067, 9070-9071, 9073, 9077, 9097-9098, 9109-9110, 9113, 9117, 9138, 9158-9159, 9161, 9214-9216, 9218, 9220, 9242-9243, 9245, 9255, 9278, 9281-9282, 9284, 9306, 9327-9329, 9331, 9335, 9356-9358, 9362, 9381, 9388-9390, 9392, 9394, 9414, 9417-9418, 9420, 9428, 9431-9433, 9441, 9452, 9488-9490, 9492, 9496, 9572, 9574, 9577-9579, 9600, 9603-9605, 9635-9637, 9661-9662, 9664, 9685, 9698-9700, 9702, 9714, 9750, 9758-9760, 9762, 9798, 9805-9807, 9809, 9815-9816, 9821, 9825-9826, 9829, 9846, 9848, 9851-9852, 9854, 9870, 9881-9883, 9885, 10011, 10014-10015, 10017, 10021-10022, 10024, 10025->10031, 10062-10063, 10065, 10070-10071, 10073, 10116-10117, 10119, 10141-10142, 10144, 10166, 10168, 10173-10174, 10176, 10192, 10215, 10218-10219, 10223-10224, 10233, 10275, 10277-10278, 10299-10300, 10307-10308, 10324, 10330-10331, 10334, 10336, 10347, 10351-10352, 10356-10357, 10363-10364, 10366->10372, 10376-10377, 10402, 10404, 10433, 10453, 10463, 10466, 10473, 10477-10478, 10508, 10516, 10551-10552, 10555, 10562-10563, 10566, 10576-10578, 10580, 10582-10583, 10590, 10613, 10630, 10636-10638
src/quant_fund/research/garch_benchmark.py                 72     14     32      8    77%   32, 34, 56-63, 68, 71, 82, 84, 123, 134
src/quant_fund/research/sota_evidence.py                  128     21     76     21    79%   26, 28, 30, 32, 34, 36, 38, 40, 111, 123, 130, 174, 176, 178, 181, 227, 229, 231, 233, 235, 238
src/quant_fund/research/sota_protocol.py                  188     24     34     12    83%   83, 86, 112-114, 151->153, 154, 168-177, 188-190, 192->194, 195-198, 219, 266-267, 340->344, 343, 402
src/quant_fund/research/verify.py                         478    108    392     99    76%   176, 196-197, 207-208, 272-273, 276, 279, 285, 289, 342, 345, 349, 358, 373, 375, 493, 497, 501, 505, 513, 517, 522, 524, 528, 532, 535, 539, 542, 544, 548, 552, 554, 558, 560, 564, 568, 572, 576, 580, 584, 588, 592, 596, 600, 604, 608, 610, 614, 616, 618, 622, 624, 626, 628, 632, 634, 638, 640, 642, 646, 650, 654, 656, 658, 660, 662, 664, 666, 670, 674, 677, 679, 683, 687, 689, 693, 695, 697, 701, 703, 705, 707, 709, 711, 713, 715, 719, 721, 723, 727, 731, 735, 739, 741, 756, 760, 777-778, 840, 854-855, 859, 870->906, 873, 886, 891-892
src/quant_fund/risk/gates.py                              232     27     66     12    86%   96, 124-125, 156-168, 187, 205, 254, 274, 297->299, 315, 322->324, 363->373, 401-412, 417-423
src/quant_fund/risk/overlay.py                             94      8     38     10    86%   49, 51, 53, 55, 57, 83->exit, 94, 115, 135, 145->147
src/quant_fund/risk/pyrisk.py                             194     70     38     11    58%   35, 43-44, 47, 50, 53, 56, 59, 62-64, 67-69, 99, 132-137, 146-149, 152-153, 160-162, 165-173, 186, 190-195, 203-208, 226-228, 231-236, 243, 253, 258, 268, 271, 275, 286, 289, 293
src/quant_fund/risk/pyriskmgmt.py                          79     27     26      6    59%   36, 47, 64, 84-89, 104-120, 136, 138
src/quant_fund/schemas/forecast.py                        134     11     36      8    88%   78, 84-86, 116, 143, 149, 158, 165, 172, 174
src/quant_fund/schemas/order_book.py                       83      2     26      2    96%   66, 92
src/quant_fund/schemas/orders.py                           98      1     24      1    98%   56
src/quant_fund/schemas/pit.py                              30      3      4      0    85%   26-30
src/quant_fund/utils/hashing.py                            46      8     14      2    83%   36, 41-44, 88-99
src/quant_fund/utils/numeric.py                            17      3      6      0    78%   12-14
src/quant_fund/utils/reproducibility.py                    36      7     12      4    77%   16, 43, 45->38, 50-51, 58, 67-68
src/quant_fund/utils/seeds.py                              15      3      2      1    76%   20-22
src/quant_fund/validation/cpcv.py                          47      3     28      3    92%   47, 59, 64
src/quant_fund/validation/fdr.py                          104      1     26      1    98%   149
src/quant_fund/validation/gates.py                        187     10    100      8    93%   68-70, 79-80, 91-92, 95, 121->138, 133->122, 134->133, 154, 290, 315->319, 321->320
src/quant_fund/validation/multiple_testing.py              75      1     26      1    98%   102
src/quant_fund/validation/optuna_guard.py                  24      2     12      2    89%   32, 39
src/quant_fund/validation/purging.py                       38      4     20      4    86%   41, 49, 57, 62
src/quant_fund/validation/walk_forward.py                 110      6     48      6    92%   44, 49, 60, 76, 88, 152
---------------------------------------------------------------------------------------------------
TOTAL                                                   46342   7269  17026   3383    82%

45 files skipped due to complete coverage.
Coverage XML written to file coverage.xml
Required test coverage of 70.0% reached. Total coverage: 81.51%
=========================== short test summary info ============================
FAILED tests/unit/test_covariance.py::test_ewma_rejects_invalid_lambda_and_dcc_is_finite
FAILED tests/end_to_end/test_synthetic_pipeline.py::test_ingest_train_optimize_backtest
EXIT:0
